0
85
7
-1 -2 -3 -4 -5 -6 -100
0 0 2
0 n 1
0 ` 6
0 _ 7
0 x 7
0 l 7
0 . -100
0 t 7
0 ( 8
1 0 1
1 n 1
1 ` -100
1 _ -100
1 . 4
1 x -100
1 l -100
1 D -100
1 e -1
1 t -100
1 ( -100
2 0 -100
2 n -100
2 ` -100
2 _ -100
2 . 4
2 D -100
2 x 3
2 l -100
2 e -1
2 ะต -100
2 ( -100
3 0 5
3 n 5
3 ` -100
3 _ -100
3 . -100
3 e -2
3 D -100
3 x -100
3 l 5
3 t -100
3 ( -100
4 0 4
4 n 4
4 ` -100
4 _ -100
4 . -100
4 e -3
4 D -100
4 x -100
4 l -100
4 t -100
4 ( -100
5 0 5
5 n 5
5 ` -100
5 _ -100
5 . -100
5 e -2
5 D -100
5 x -100
5 l 5
5 t -100
5 ( -100
6 0 6
6 n 6
6 ` -4
6 _ 6
6 . 6
6 e -4
6 D 6
6 x 6
6 l 6
6 t 6
6 ( 6
7 0 7
7 n 7
7 ` -100
7 _ 7
7 e -5
7 x 7
7 l 7
7 t 7
7 ( -100
8 e -6